3.0
0.45271863760329517  
0.020944361561506114  
0.8735910278868134  
0.24935872289993744  
0.4497761237645413  
0.20168447783133217  
0.5069912132044079  
1.4528327464337316  
0.994121030947985  
0.07448447923020378  
0.16842779606601  
0.3713894757796696  
0.6251347020026872  
0.11878570010332713  
0.4582588159455349  
0.5918043004433716  
0.20764506296545313  
0.21645206420525567  
0.2338993824829667  
0.7673369589189201  
0.3662597298987735  
0.00636059662895094  
0.420710959034736  
0.5849297011008369  
0.48825203201594797  
0.13510563189786987  
0.03667387119385208  
0.006997714353258849  
0.212241774706719  
0.3192238643159612  
0.7646352810667997  
0.855479820188124  
0.482779793639661  
0.018512808633296865  
0.2600869540096298  
0.4954737854958926  
0.6179376521980672  
0.378269674948761  
0.25357238072747995  
0.1339134093373615  
1.896724404758779  
0.13789740473046802  
1.0416935529413665  
0.5665891946714701  
0.5517025955358019  
0.5382965508758898  
0.09372017642990982  
0.012597595931242553  
0.8239937094711869  
0.03528085323368806  
0.006698373244852948  
0.009185611686155495  
0.15146799459008575  
0.7616419638953223  
0.19307634361530013  
0.45312411645457584  
0.28185388325335803  
0.5095360069554787  
0.01057096900096926  
0.37840270349475863  
0.06446536654363734  
0.04090494108965464  
0.08657140035138504  
0.12484981910382015  
0.16826626399899533  
0.13202361008511118  
0.15516832936101116  
0.22073676599291578  
0.490611111300052  
0.027302768912452768  
0.12616703650317104  
0.44415306473891597  
0.7355058448041137  
0.28564290075585347  
0.1698350975726255  
0.1212902631875442  
0.6039252893934153  
0.19004039460485325  
0.2097485368322183  
0.11798879471711905  
0.11915065898553871  
0.44411896278480495  
0.20720807284226342  
0.046298322719397496  
0.1481356748458629  
0.2729948307480416  
0.6798266435031278  
0.11354453799152385  
0.9323101134038284  
0.14767064204363808  
0.20851651179288966  
0.027533648369884835  
0.5622600916534463  
0.6546315458447423  
0.027152051299700133  
0.3057194861926181  
0.01856284396053318  
0.4344657049741653  
0.27381120064920167  
0.6159571650814283  
